AADHAR KUMAR
201210001
14 04 2003
77 88
88 96
66 88
66 89
66
96
77
88 AARYA JHA 
201210002
03 04 2002
77 58
86 96
88 88
66 78
66
77
77
54 ABHISHEK YADAV 
201210003
30 05 2000
55 88
65 95
68 88
66 84
62
94
76
88 ADITYA SINGH 
201210004
06 07 2001 
78 88
44 96
66 78
66 89
60
92
74
88 ANAVI SOMANI 
201210005
07 07 2002
77 80
85 96
60 88
61 89
60
98
74
88 ANIL KUMAR 
201210006
03 10 2001
70 88
86 96
65 88
66 84
64
90
73
83 ANKIT KUMAR CHOUDHARY 
201210007
02 11 2002
78 88
88 93
60 88
66 84
64
90
75
89 ANKIT SHARMA 
201210008
07 05 2002
70 88
88 94
62 88
66 86
60
93
76
84 ARYAN KASHYAP 
201210009
06 08 2002 
77 80
80 96
66 89
63 89
60
98
76
80 ARYAN SRIVASTAVA
201210010
28 08 2001
77 88
88 96
66 88
66 80
66
96
77
80 ATUL GOYAL
201210011
06 07 2002
77 83
88 96
66 88
66 89
66
96
75
88 AYUSHI ARYA 
201210012
23 02 2002
70 88
88 96
60 88
66 89
66
86
77
88 CHIKKUDU CHARAN TEJA 
201210013
14 12 2002
77 88
88 99
66 88
60 89
66
96
74
88 DEEPAK SHARMA
201210014
29 07 2002
77 80
88 96
63 88
68 89
66
96
70
88 DHARAVATH ROHITH
201210015
05 08 2003
70 88
88 90
68 88
66 89
66
49
77
88 DIVYAM DUBEY
201210016
12 07 2001
79 88
88 96
66 88
66 89
74
96
79
88 DIVYANSHU KUMAR NIMESH 
201210017
02 10 2002
79 88
86 96
60 88
64 89
90
96
55
88 G HARSHITH BHARATHDWAJ YADAV 
201210018
20 04 2002
99 88
59 96
60 88
66 89
61
90
77
88 GANTA SOWMYA KRANTHI
201210019
16 10 2003
87 88
69 96
66 88
77 89
66
96
77
88 GONTHUPULI SYAMJI
201210020
15 11 2002
85 88
76 96
66 88
65 89
66
94
77
88 HARSH SHARMA 
201210021
28 08 2003
74 88
84 91
64 88
70 84
61
94
73
82 HIMANSHU JAIN
201210022
18 01 2003
79 88
99 96
60 88
66 89
69
90
77
88 HIMANSHU VERMA 
201210023
26 02 2001
71 88
88 93
60 88
66 85
64
96
73
89 KA.PATEL VAIBHAV 
201210024
18 12 2002
92 88
83 96
60 80
61 89
60
95
78
81 KALASH SINGHAL 
201210025
22 05 2001
70 88
81 96
67 88
66 78
66
91
77
88 KATI KALYANI
201210026
02 11 2002
61 88
80 96
66 81
60 89
66
95
77
88 KISHAN KUMAR
201210027
14 10 2002
81 88
80 96
61 88
63 89
66
70
79
82 MANAS KHANTAL 
201210028
28 09 2001
72 88
89 96
66 88
60 89
66
88
77
88 MOHAMMED SHADAB AGWAN 
201210029
20 11 2001 
95 88
80 96
69 80
63 89
79
92
71
88 MOHIT KUMAR
201210030
02 07 2002
70 88
88 96
62 88
66 89
61
91
77
88 MONISHA GAUTAM
201210031
09 11 2002
76 88
88 96
66 77
86 89
66
60
77
88 ORUGANTI BHARGHAVA NARASIMHA
201210032
31 05 2002
60 88
81 96
61 88
66 89
61
91
77
81 PALAK TALWAR
201210033
9 10 2002
71 88
88 96
66 88
60 89
61
93
77
80 PRIYANKA SEHRA
201210034
01 10 2002
70 88
89 96
66 88
61 89
66
90
71 RACHIT AGRAWAL 
201210035
17 08 2002
70 88
68 96
69 88
70 89
66
91
70
81 RIHA SANJAY KOKODE
201210036
18 01 2001
70 88
81 96
66 88
74 89
61
92
77
79 ROHIT SINGH RAJPOOT
201210037
18 01 2003
67 88
78 96
60 88
66 89
86
90
77
88 RONALD MAHARABAM
201210038
18 02 2002
72 88
88 96
61 88
66 89
60
96
77 SAMANDEEP SINGH
201210039
20 05 2003
71 88
83 96
76 88
66 89
61
96
73
88 SAURAV KUMAR
201210040
01 02 2002
71 88
88 96
66 88
61 89
60
96
60 SHREY KUMAR PRAJAPATI
201210041
12 10 2002
77 88
82 96
66 88
66 89
66
98
77
65 SHREYA
201210042
28 08 2004
71 88
80 96
61 88
69 89
66
91
71 SHRIANSH MANHAS
201210043
24 09 2002
77 88
88 96
60 88
66 89
61
91
71
89 SHUBHAM ANAND JAISWAL
201210044
31 05 2002
77 88
88 96
86 88
66 89
60
92
70 SIDHARTH BHATLA 
201210045
05 10 2001
84 88
59 96
69 88
79 89
65
96
79
88 SIMHADRI SUKEERTHI 
201210046
20 05 2003
69 88
80 96
66 88
96 89
66
60
77 SOUMAY AGRAWAL
201210047
26 10 2002
77 88
88 96
60 88
56 89
86
96
77
88 SOURABH GARG
201210048
28 06 2001
75 88
88 96
76 88
86 89
60
96
71
66 SUBODH KUMAR
201210049
06 06 2003
73 88
81 96
60 88
66 89
62
96
70
81 TUSHAR AGARWAL
201210050
09 01 2002
77 88
88 96
66 88
66 89
66
96
77
88 UMANG KUMAR
201210051
04 09 2003
73 88
80 96
61 88
69 89
65
96
75
89 VAIBHAV
201210052
14 01 2003
77 88
88 96
66 88
66 89
66
96
77
76 VAIBHAV YADAV
201210053
08 10 2001
74 88
82 96
62 88
60 89
61
96
72
89 VEDANT VASU GUPTA 
201210054
31 08 2002
71 88
88 96
69 88
66 89
63
93
70
79 VISHAL SINGH
201210055
06 09 2002
71 88
83 96
62 88
69 89
61
90
72
81 PAYAL JAIN
201210056
15 11 2002
73 88
76 96
56 88
86 89
63
76
87
78















  
